-.65867594E+03
-.65844585E+03
-.65894237E+03
-.65829120E+03
-.65747060E+03
-.65851438E+03
-.65899853E+03
-.65769716E+03
-.65798004E+03
-.65858676E+03
-.65827104E+03
-.65844051E+03
-.65985250E+03
-.65899852E+03
-.65891393E+03
-.65880684E+03
-.65804358E+03
-.65991395E+03
-.65777772E+03
-.65890415E+03
-.65866018E+03
-.65891210E+03
-.65888504E+03
-.65794540E+03
-.65863365E+03
-.65919462E+03
-.65756565E+03
-.65759236E+03
-.65872870E+03
-.65862108E+03
-.65816336E+03
-.65869519E+03
-.65964532E+03
-.65916423E+03
-.65917521E+03
-.65804300E+03
-.65812902E+03
-.65826478E+03
-.65829635E+03
-.65871304E+03
-.65865663E+03
-.65967522E+03
-.65915218E+03
-.65924134E+03
-.65770106E+03
-.65839492E+03
-.65866676E+03
-.65744097E+03
-.65896459E+03
-.65914066E+03
-.65981770E+03
-.65944139E+03
-.65930655E+03
-.65893195E+03
-.65811547E+03
-.65959082E+03
-.65773121E+03
-.65890500E+03
-.65834484E+03
-.65775509E+03
-.65870189E+03
-.65890981E+03
-.65909720E+03
-.65714683E+03
-.65899388E+03
-.65812919E+03
-.65968916E+03
-.65751481E+03
-.65903570E+03
-.65957936E+03
-.65834814E+03
-.65701132E+03
-.65894496E+03
-.65896402E+03
-.65922009E+03
-.65865808E+03
-.66041974E+03
-.65889261E+03
-.65800285E+03
-.65791656E+03
-.65888907E+03
-.65862772E+03
-.65783721E+03
-.65880813E+03
-.65889647E+03
-.65841083E+03
-.65919695E+03
-.65778408E+03
-.65824605E+03
-.65961248E+03
-.65918088E+03
-.65915869E+03
-.65940413E+03
-.65879808E+03
-.65870178E+03
-.65850300E+03
-.65845975E+03
-.65729167E+03
-.65879834E+03
-.65901821E+03
-.65682486E+03
-.65863775E+03
-.65948796E+03
-.65878993E+03
-.65899330E+03
-.65956834E+03
-.65925300E+03
-.66013840E+03
-.65860249E+03
-.65919622E+03
-.65933234E+03
-.65852040E+03
-.65675995E+03
-.65974861E+03
-.65959756E+03
-.65874631E+03
-.65919745E+03
-.65842520E+03
-.65839491E+03
-.65759838E+03
-.65896875E+03
-.65932629E+03
-.65890641E+03
-.65914297E+03
-.65848409E+03
-.65882953E+03
-.65912888E+03
-.65863132E+03
-.65802208E+03
-.65960543E+03
-.65881070E+03
-.65951886E+03
-.65879741E+03
-.65810201E+03
-.65857902E+03
-.65888318E+03
-.65760442E+03
-.65802518E+03
-.65700401E+03
-.65626926E+03
-.65823191E+03
-.65831674E+03
-.65832016E+03
-.65826282E+03
-.65902755E+03
-.65838170E+03
-.65862964E+03
-.65929013E+03
-.65933053E+03
-.65901152E+03
-.65985148E+03
-.65909671E+03
-.66090838E+03
-.66025818E+03
-.65951868E+03
-.66003356E+03
-.65889984E+03
-.65985722E+03
-.65993065E+03
-.65893668E+03
-.65851126E+03
-.65842767E+03
-.65946916E+03
-.65894549E+03
-.65859784E+03
-.65821117E+03
-.65887256E+03
-.65918541E+03
-.65870276E+03
-.65847457E+03
-.65953716E+03
-.65915447E+03
-.65987338E+03
-.65948350E+03
-.65941768E+03
-.65902169E+03
-.65868069E+03
-.65948923E+03
-.65949545E+03
-.66037976E+03
-.65915232E+03
-.66052697E+03
-.65911794E+03
-.65854109E+03
-.65833243E+03
-.65850419E+03
-.65837936E+03
-.65933010E+03
-.65887241E+03
-.65886320E+03
-.65863689E+03
-.65785732E+03
-.65985708E+03
-.65930270E+03
-.65882061E+03
-.65864955E+03
-.65997907E+03
-.65830086E+03
-.65931197E+03
-.65824958E+03
-.65953063E+03
-.65891484E+03
-.66039274E+03
-.65857497E+03
-.65941274E+03
-.65844761E+03
-.65904611E+03
-.65907259E+03
-.66022963E+03
-.65991989E+03
-.65910941E+03
-.65951484E+03
-.65831517E+03
-.65908403E+03
-.65953466E+03
-.65877728E+03
-.65866267E+03
-.65840859E+03
-.65886738E+03
-.65900615E+03
-.65903854E+03
-.66485209E+03
-.66501163E+03
-.66187602E+03
-.66105499E+03
-.66118297E+03
-.66141519E+03
-.65931636E+03
-.65858231E+03
-.65944628E+03
-.65887041E+03
-.65914533E+03
-.65985142E+03
-.65962804E+03
-.65962912E+03
-.65822375E+03
-.65990894E+03
-.65891836E+03
-.65868099E+03
-.65845805E+03
-.65896417E+03
-.65956189E+03
-.65908532E+03
-.65948481E+03
-.65916851E+03
-.65857737E+03
-.65740078E+03
-.65721015E+03
-.65811202E+03
-.65875900E+03
-.65715255E+03
-.65807236E+03
-.65869728E+03
-.65901723E+03
-.65866831E+03
-.65814813E+03
-.65878195E+03
-.66005394E+03
-.65800671E+03
-.65840142E+03
-.65885755E+03
-.65942319E+03
-.65849290E+03
-.65785385E+03
-.65838191E+03
-.65926310E+03
-.65864609E+03
-.65886547E+03
-.65989177E+03
-.65820170E+03
-.65942115E+03
-.66147150E+03
-.65947743E+03
-.66080617E+03
-.65846864E+03
-.65821618E+03
-.65920496E+03
-.65807018E+03
-.66056380E+03
-.66026495E+03
-.65944298E+03
-.66042806E+03
-.65861037E+03
-.65886481E+03
-.65861813E+03
-.65939185E+03
-.65965981E+03
-.65782194E+03
-.65831800E+03
-.65893512E+03
-.65945819E+03
-.65926776E+03
-.65825946E+03
-.65913419E+03
-.65914463E+03
-.65841955E+03
-.65805907E+03
-.65723228E+03
-.65872700E+03
-.65871663E+03
-.65922006E+03
-.65855369E+03
-.65988980E+03
-.65832031E+03
-.65920397E+03
-.65777209E+03
-.65849672E+03
-.65882712E+03
-.65912070E+03
-.65883689E+03
-.65815379E+03
-.65933107E+03
-.65835479E+03
-.66447024E+03
-.66435801E+03
-.66312260E+03
-.66018689E+03
-.66066600E+03
-.66037093E+03
-.65857635E+03
-.65936695E+03
-.65975321E+03
-.65879984E+03
-.65772680E+03
-.66004010E+03
-.65939921E+03
-.65901679E+03
-.65890757E+03
-.65957586E+03
-.65927551E+03
-.65833114E+03
-.65829460E+03
-.65741333E+03
-.65756162E+03
-.65756703E+03
-.65834957E+03
-.65787874E+03
-.65931684E+03
-.65847599E+03
-.65974042E+03
-.65797918E+03
-.65863793E+03
-.65804453E+03
-.65775194E+03
-.65949558E+03
-.65955356E+03
-.65894022E+03
-.65905936E+03
-.65958695E+03
