-.43681538E+03
-.43690297E+03
-.43703054E+03
-.43716912E+03
-.43646085E+03
-.43698713E+03
-.43686590E+03
-.43711525E+03
-.43713139E+03
-.43701913E+03
-.43859563E+03
-.43782257E+03
-.43749505E+03
-.43728314E+03
-.43702057E+03
-.43661780E+03
-.43715267E+03
-.43636185E+03
-.43686078E+03
-.43596034E+03
-.43853085E+03
-.43819652E+03
-.43797367E+03
-.43776694E+03
-.43742288E+03
-.43725850E+03
-.43752400E+03
-.43711685E+03
-.43705000E+03
-.43726076E+03
-.43660074E+03
-.43657480E+03
-.43678288E+03
-.43630525E+03
-.43687497E+03
-.43695639E+03
-.43649837E+03
-.43641949E+03
-.43660162E+03
-.43644241E+03
-.43685160E+03
-.43703782E+03
-.43695699E+03
-.43716288E+03
-.43685892E+03
-.43682793E+03
-.43711317E+03
-.43685245E+03
-.43703080E+03
-.43619344E+03
-.43627110E+03
-.43653241E+03
-.43606149E+03
-.43687073E+03
-.43675336E+03
-.43691082E+03
-.43700481E+03
-.43693050E+03
-.43694168E+03
-.43653341E+03
-.43713297E+03
-.43733078E+03
-.43710257E+03
-.43725258E+03
-.43705529E+03
-.43686459E+03
-.43711785E+03
-.43661919E+03
-.43756077E+03
-.43681207E+03
-.43710805E+03
-.43678774E+03
-.43670190E+03
-.43660202E+03
-.43621481E+03
-.43630971E+03
-.43682861E+03
-.43577798E+03
-.43639452E+03
-.43629037E+03
-.43741035E+03
-.43746956E+03
-.43738530E+03
-.43755650E+03
-.43744569E+03
-.43724278E+03
-.43712527E+03
-.43705882E+03
-.43688890E+03
-.43697552E+03
-.43736178E+03
-.43731037E+03
-.43700780E+03
-.43735124E+03
-.43731616E+03
-.43662395E+03
-.43675743E+03
-.43665104E+03
-.43688963E+03
-.43609503E+03
-.43701093E+03
-.43689794E+03
-.43644449E+03
-.43691977E+03
-.43648966E+03
-.43689310E+03
-.43638868E+03
-.43587584E+03
-.43619173E+03
-.43574222E+03
-.43820924E+03
-.43733809E+03
-.43753546E+03
-.43705608E+03
-.43655949E+03
-.43684873E+03
-.43712462E+03
-.43599420E+03
-.43622099E+03
-.43664650E+03
-.43722101E+03
-.43691927E+03
-.43679303E+03
-.43664614E+03
-.43648720E+03
-.43619504E+03
-.43703151E+03
-.43597548E+03
-.43564410E+03
-.43651880E+03
-.43666615E+03
-.43577456E+03
-.43588196E+03
-.43513526E+03
-.43469346E+03
-.43520878E+03
-.43509944E+03
-.43586473E+03
-.43514555E+03
-.43561360E+03
-.43605892E+03
-.43675277E+03
-.43696147E+03
-.43728186E+03
-.43708567E+03
-.43700798E+03
-.43698751E+03
-.43704155E+03
-.43682787E+03
-.43620846E+03
-.43740838E+03
-.43693541E+03
-.43705784E+03
-.43679875E+03
-.43668255E+03
-.43709471E+03
-.43670347E+03
-.43674060E+03
-.43685806E+03
-.43601730E+03
-.43744635E+03
-.43699586E+03
-.43696433E+03
-.43721998E+03
-.43712400E+03
-.43743065E+03
-.43700975E+03
-.43753763E+03
-.43724310E+03
-.43645228E+03
-.43740112E+03
-.43718994E+03
-.43720850E+03
-.43679974E+03
-.43604821E+03
-.43681824E+03
-.43563181E+03
-.43622975E+03
-.43692960E+03
-.43609714E+03
-.43702556E+03
-.43708117E+03
-.43700624E+03
-.43693127E+03
-.43711286E+03
-.43702243E+03
-.43658097E+03
-.43704220E+03
-.43681792E+03
-.43625538E+03
-.43705936E+03
-.43708735E+03
-.43681003E+03
-.43669521E+03
-.43632791E+03
-.43627905E+03
-.43631967E+03
-.43620082E+03
-.43644155E+03
-.43645424E+03
