-.32202114E+03
-.32220642E+03
-.32266907E+03
-.32291965E+03
-.32158967E+03
-.32133011E+03
-.32102363E+03
-.32156531E+03
-.32184299E+03
-.32275924E+03
-.32195154E+03
-.32273932E+03
-.32180108E+03
-.32302032E+03
-.32279363E+03
-.32233982E+03
-.32101143E+03
-.32229975E+03
-.32192143E+03
-.32251711E+03
-.32292864E+03
-.32237739E+03
-.32263387E+03
-.32164435E+03
-.32136386E+03
-.32280151E+03
-.32149213E+03
-.32125607E+03
-.32311814E+03
-.32115289E+03
-.32275216E+03
-.32160816E+03
-.32328830E+03
-.32198721E+03
-.32179803E+03
-.32109694E+03
-.32200652E+03
-.32200654E+03
-.32085543E+03
-.32317670E+03
-.32150674E+03
-.32289554E+03
-.32239793E+03
-.32220907E+03
-.32192806E+03
-.32248039E+03
-.32237172E+03
-.32090187E+03
-.32211308E+03
-.32221825E+03
-.32235940E+03
-.32243858E+03
-.32144975E+03
-.32223360E+03
-.32230834E+03
-.32216197E+03
-.32317200E+03
-.32193431E+03
-.32119616E+03
-.32348551E+03
-.32347902E+03
-.32353605E+03
-.32442341E+03
-.32331607E+03
-.32456552E+03
-.32461676E+03
-.32440289E+03
-.32377595E+03
-.32318165E+03
-.32467438E+03
-.32286891E+03
-.32255916E+03
-.32374594E+03
-.32197748E+03
-.32281905E+03
-.32114771E+03
-.32258941E+03
-.32237230E+03
-.32232526E+03
-.32281201E+03
-.32238797E+03
-.32258063E+03
-.32248240E+03
-.32073468E+03
-.32222334E+03
-.32077550E+03
-.32018369E+03
-.32241456E+03
-.32301793E+03
-.32222565E+03
-.32179145E+03
-.32304511E+03
-.32342216E+03
-.32242096E+03
-.32204463E+03
-.32340210E+03
-.32298552E+03
-.32239660E+03
-.12929352E+04
-.12925359E+04
-.12899663E+04
-.12908897E+04
-.12927432E+04
-.12908980E+04
-.12905101E+04
-.12908802E+04
-.12915287E+04
-.12910167E+04
-.12926232E+04
-.12905712E+04
-.12920493E+04
-.12913800E+04
-.12892408E+04
-.12912761E+04
-.12900590E+04
-.12920335E+04
-.12904306E+04
-.12917049E+04
-.12907294E+04
-.12898353E+04
-.12918769E+04
-.12929407E+04
-.12912636E+04
-.12909925E+04
-.12909744E+04
-.12910851E+04
-.12916695E+04
-.12904991E+04
-.12888847E+04
-.12917790E+04
-.12913384E+04
-.12920988E+04
-.12922911E+04
-.12920620E+04
-.12915086E+04
-.12922259E+04
-.12915551E+04
-.12903806E+04
-.12907481E+04
-.12914824E+04
-.12922620E+04
-.12919501E+04
-.12924099E+04
-.12926692E+04
-.12920411E+04
-.12907399E+04
-.12922723E+04
-.12926363E+04
-.12927173E+04
-.12934566E+04
-.12890801E+04
-.12916435E+04
-.12906669E+04
-.12924545E+04
-.12925446E+04
-.12909620E+04
-.12897224E+04
-.12908791E+04
-.12925490E+04
-.12919078E+04
-.12906700E+04
-.12898991E+04
-.12913731E+04
-.12892711E+04
-.12928530E+04
-.12922843E+04
-.12910830E+04
-.12908314E+04
-.12923258E+04
-.12926800E+04
-.12902558E+04
-.12912728E+04
-.12903157E+04
-.12926421E+04
-.12901518E+04
-.12926091E+04
-.12909561E+04
-.12915420E+04
-.12890877E+04
-.12921883E+04
-.12910089E+04
-.12899263E+04
-.32362528E+03
-.32367271E+03
-.32262215E+03
-.32309112E+03
-.32315793E+03
-.32231645E+03
-.32286469E+03
-.32270968E+03
-.32279242E+03
-.32240828E+03
-.32109687E+03
-.32110590E+03
-.32134576E+03
-.32133312E+03
-.32122043E+03
-.32145454E+03
-.32110510E+03
-.32116282E+03
-.32255767E+03
-.32112587E+03
-.32382410E+03
-.32370162E+03
-.32263602E+03
-.32232843E+03
-.32237929E+03
-.32281426E+03
-.32267357E+03
-.32221012E+03
-.32118626E+03
-.32260745E+03
-.32329136E+03
-.32347301E+03
-.32350807E+03
-.32195807E+03
-.32189931E+03
-.32280558E+03
-.32269298E+03
-.32298698E+03
-.32233435E+03
-.32268077E+03
-.32370039E+03
-.32349054E+03
-.32322484E+03
-.32348375E+03
-.32350716E+03
-.32254352E+03
-.32304865E+03
-.32179569E+03
-.32332780E+03
-.32292150E+03
-.32413803E+03
-.32406062E+03
-.32270819E+03
-.32259078E+03
-.32342485E+03
-.32284303E+03
-.32269846E+03
-.32176714E+03
-.32383789E+03
-.32276553E+03
-.32272188E+03
-.32255677E+03
-.32254360E+03
-.32222462E+03
-.32124170E+03
-.32207762E+03
-.32172080E+03
-.32216588E+03
-.32048154E+03
-.32102580E+03
-.32155149E+03
-.32143538E+03
-.32273131E+03
-.32239772E+03
-.32213971E+03
-.32105177E+03
-.32258942E+03
-.32186203E+03
-.32294702E+03
-.32088506E+03
-.32342809E+03
-.32231213E+03
-.32212520E+03
-.32186891E+03
-.32215288E+03
-.32194242E+03
-.32278423E+03
-.32218627E+03
-.32269922E+03
-.32203219E+03
-.32341497E+03
-.32349737E+03
-.32334346E+03
-.32325272E+03
-.32231899E+03
-.32178676E+03
-.32208664E+03
-.32265371E+03
-.32111101E+03
-.32243394E+03
-.32326448E+03
-.32263930E+03
-.32233392E+03
-.32310726E+03
-.32319248E+03
-.32146586E+03
-.32264899E+03
-.32209427E+03
-.32221998E+03
-.32232980E+03
-.32249128E+03
-.32173971E+03
-.32214131E+03
-.32289993E+03
-.32251123E+03
-.32313712E+03
-.32285025E+03
-.32253059E+03
-.32267838E+03
-.32257706E+03
-.32233543E+03
-.32212703E+03
-.32187965E+03
-.32259962E+03
-.32226561E+03
-.32226298E+03
-.32270792E+03
-.32199299E+03
-.32182840E+03
-.32228088E+03
-.32298950E+03
-.32181442E+03
-.32254893E+03
-.32186738E+03
-.32135357E+03
-.32197235E+03
-.32216558E+03
-.32274802E+03
-.32076887E+03
-.32318253E+03
-.32291216E+03
-.32337904E+03
-.32308516E+03
-.32243274E+03
-.32298807E+03
-.32260871E+03
-.32233462E+03
-.32278150E+03
-.32241178E+03
-.32227419E+03
-.32220598E+03
-.32234350E+03
-.32206384E+03
-.32179268E+03
-.32303298E+03
-.32236036E+03
-.32132575E+03
-.32187989E+03
-.32142460E+03
-.32181893E+03
-.32260356E+03
-.32215779E+03
-.32145722E+03
-.32213675E+03
-.32212691E+03
-.32124034E+03
-.32223257E+03
-.32259675E+03
-.32111606E+03
-.32319516E+03
-.32246328E+03
-.32304266E+03
-.32254591E+03
-.32280872E+03
-.32274055E+03
-.32265111E+03
-.32223681E+03
-.32290349E+03
-.32199379E+03
-.32143117E+03
-.32231613E+03
-.32298551E+03
-.32221994E+03
-.32253681E+03
-.32291180E+03
-.32274405E+03
-.32206999E+03
-.32246784E+03
-.32272976E+03
-.32303045E+03
-.32275243E+03
-.32172165E+03
-.32202695E+03
-.32187057E+03
-.32219405E+03
-.32195508E+03
-.32276963E+03
-.32350232E+03
-.32312480E+03
-.32120079E+03
-.32266167E+03
-.32211690E+03
-.32233889E+03
-.32239720E+03
-.32228975E+03
-.32206594E+03
-.32191660E+03
-.32203872E+03
-.32114691E+03
-.32176924E+03
-.32327349E+03
-.32218309E+03
-.32267890E+03
-.32223127E+03
-.32224466E+03
-.32223407E+03
-.32278499E+03
-.32281001E+03
-.32262350E+03
-.32320804E+03
-.32313677E+03
-.32271469E+03
-.32292714E+03
-.32321435E+03
-.32269147E+03
-.32260046E+03
-.32200965E+03
-.32299470E+03
-.32262716E+03
-.32213564E+03
-.32229029E+03
-.32219879E+03
-.32309569E+03
-.32252132E+03
-.32224394E+03
-.32214229E+03
-.32222861E+03
-.32272850E+03
-.32179567E+03
-.32165137E+03
-.32245881E+03
-.32198914E+03
-.32354569E+03
-.32253986E+03
-.32216325E+03
-.32283844E+03
-.32305635E+03
-.32335350E+03
-.32219907E+03
-.32259918E+03
-.32290520E+03
-.32371870E+03
-.32296078E+03
-.32271844E+03
-.32267354E+03
-.32285937E+03
-.32316949E+03
-.32227885E+03
-.32277176E+03
-.32268427E+03
-.32242007E+03
-.32257307E+03
-.32271496E+03
-.32262543E+03
-.32206647E+03
-.32270355E+03
-.32219787E+03
-.32234974E+03
-.32293805E+03
-.32233507E+03
-.32255029E+03
-.32067645E+03
-.32147923E+03
-.32303447E+03
-.32276021E+03
-.32228732E+03
-.32236493E+03
-.32180678E+03
-.32302943E+03
-.32371203E+03
-.32279869E+03
-.32270180E+03
-.32244305E+03
-.32291425E+03
-.32273730E+03
-.32265615E+03
-.32298490E+03
-.32203643E+03
-.32197271E+03
-.32171442E+03
-.32258743E+03
-.32262712E+03
-.32192503E+03
-.32203198E+03
-.32205417E+03
-.32216998E+03
-.32298046E+03
-.32309145E+03
-.32247857E+03
-.32219718E+03
-.32196062E+03
-.32364290E+03
-.32317181E+03
-.32383383E+03
-.32369449E+03
-.32365892E+03
-.32377816E+03
-.32214257E+03
-.32276527E+03
-.32333881E+03
-.32226669E+03
-.32370662E+03
-.32284613E+03
-.32194897E+03
-.32288190E+03
-.32311183E+03
-.32163403E+03
-.32246421E+03
-.32219341E+03
-.32283635E+03
-.32338765E+03
-.32223677E+03
-.32188694E+03
-.32317294E+03
-.32287348E+03
-.32373976E+03
-.32147698E+03
-.32386361E+03
-.32324206E+03
-.32365663E+03
-.32354062E+03
-.32317016E+03
-.32322960E+03
-.32296156E+03
-.32315553E+03
-.32272728E+03
-.32210383E+03
-.32257604E+03
-.32212751E+03
-.32203203E+03
-.32324116E+03
-.32257930E+03
-.32305449E+03
-.32251228E+03
-.32293113E+03
-.32299728E+03
-.32365766E+03
-.32258855E+03
-.32255921E+03
-.32229394E+03
-.32254627E+03
-.32264081E+03
-.32224390E+03
-.32304585E+03
-.32217553E+03
-.32357131E+03
-.32379625E+03
-.32347507E+03
-.32345284E+03
-.32329865E+03
-.32366452E+03
-.32232935E+03
-.32329366E+03
-.32278482E+03
-.32193331E+03
-.32269268E+03
-.32327618E+03
-.32310836E+03
-.32347119E+03
-.32249961E+03
-.32222823E+03
-.32233438E+03
-.32305850E+03
-.32263825E+03
-.32298902E+03
-.32179388E+03
-.32180979E+03
-.32276564E+03
-.32187874E+03
-.32216727E+03
-.32179388E+03
-.32276938E+03
-.32192159E+03
-.32094461E+03
-.32334528E+03
-.32334670E+03
-.32325880E+03
-.32283242E+03
-.32322090E+03
-.32332354E+03
-.32287681E+03
-.32247770E+03
-.32309393E+03
-.32243702E+03
-.32261054E+03
-.32176217E+03
-.32271097E+03
-.32224178E+03
-.32229276E+03
-.32140090E+03
-.32279239E+03
-.32198698E+03
-.32141356E+03
-.32203127E+03
-.32289481E+03
-.32276283E+03
-.32411176E+03
-.32400980E+03
-.32401008E+03
